0	0	-1.5658	
0.000119953	-0.0119994	-1.5558	
0.000359892	-0.0239969	-1.5458	
0.000719793	-0.0359915	-1.5358	
0.00119962	-0.0479818	-1.5258	
0.00179932	-0.0599668	-1.5158	
0.00251884	-0.0719451	-1.5058	
0.00335811	-0.0839157	-1.4958	
0.00431704	-0.0958773	-1.4858	
0.00539553	-0.107829	-1.4758	
0.00659348	-0.119769	-1.4658	
0.00791078	-0.131696	-1.4558	
0.00934727	-0.14361	-1.4458	
0.0109028	-0.155508	-1.4358	
0.0125773	-0.167391	-1.4258	
0.0143705	-0.179256	-1.4158	
0.0162823	-0.191103	-1.4058	
0.0183124	-0.20293	-1.3958	
0.0204607	-0.214736	-1.3858	
0.022727	-0.22652	-1.3758	
0.0251109	-0.238281	-1.3658	
0.0276124	-0.250017	-1.3558	
0.0302311	-0.261728	-1.3458	
0.0329668	-0.273412	-1.3358	
0.0358192	-0.285068	-1.3258	
0.038788	-0.296695	-1.3158	
0.0418729	-0.308291	-1.3058	
0.0450736	-0.319857	-1.2958	
0.0483898	-0.331389	-1.2858	
0.0518212	-0.342888	-1.2758	
0.0553674	-0.354352	-1.2658	
0.059028	-0.36578	-1.2558	
0.0628027	-0.377171	-1.2458	
0.0666912	-0.388523	-1.2358	
0.070693	-0.399836	-1.2258	
0.0748077	-0.411109	-1.2158	
0.0790349	-0.422339	-1.2058	
0.0833743	-0.433527	-1.1958	
0.0878252	-0.444671	-1.1858	
0.0923874	-0.45577	-1.1758	
0.0970604	-0.466823	-1.1658	
0.101844	-0.477828	-1.1558	
0.106737	-0.488785	-1.1458	
0.111739	-0.499693	-1.1358	
0.11685	-0.51055	-1.1258	
0.12207	-0.521355	-1.1158	
0.127397	-0.532108	-1.1058	
0.132832	-0.542807	-1.0958	
0.138373	-0.553451	-1.0858	
0.14402	-0.564039	-1.0758	
0.149774	-0.57457	-1.0658	
0.155632	-0.585042	-1.0558	
0.161594	-0.595456	-1.0458	
0.16766	-0.60581	-1.0358	
0.17383	-0.616102	-1.0258	
0.180102	-0.626333	-1.0158	
0.186476	-0.6365	-1.0058	
0.192952	-0.646602	-0.9958	
0.199528	-0.65664	-0.9858	
0.206204	-0.666611	-0.9758	
0.21298	-0.676515	-0.9658	
0.219854	-0.686351	-0.9558	
0.226827	-0.696118	-0.9458	
0.233896	-0.705814	-0.9358	
0.241063	-0.715439	-0.9258	
0.248325	-0.724992	-0.9158	
0.255682	-0.734472	-0.9058	
0.263134	-0.743878	-0.8958	
0.270679	-0.753209	-0.8858	
0.278318	-0.762464	-0.8758	
0.286048	-0.771642	-0.8658	
0.29387	-0.780742	-0.8558	
0.301783	-0.789764	-0.8458	
0.309785	-0.798706	-0.8358	
0.317877	-0.807567	-0.8258	
0.326056	-0.816348	-0.8158	
0.334323	-0.825046	-0.8058	
0.342677	-0.833661	-0.7958	
0.351116	-0.842192	-0.7858	
0.35964	-0.850638	-0.7758	
0.368248	-0.858998	-0.7658	
0.37694	-0.867272	-0.7558	
0.385713	-0.875459	-0.7458	
0.394569	-0.883557	-0.7358	
0.403504	-0.891567	-0.7258	
0.412519	-0.899487	-0.7158	
0.421614	-0.907316	-0.7058	
0.430785	-0.915054	-0.6958	
0.440034	-0.9227	-0.6858	
0.449359	-0.930253	-0.6758	
0.458759	-0.937712	-0.6658	
0.468233	-0.945077	-0.6558	
0.47778	-0.952347	-0.6458	
0.487399	-0.959521	-0.6358	
0.49709	-0.966598	-0.6258	
0.506851	-0.973578	-0.6158	
0.516681	-0.980461	-0.6058	
0.52658	-0.987244	-0.5958	
0.536546	-0.993929	-0.5858	
0.546578	-1.00051	-0.5758	
0.556675	-1.007	-0.5658	
0.566837	-1.01338	-0.5558	
0.577063	-1.01966	-0.5458	
0.58735	-1.02584	-0.5358	
0.597699	-1.03191	-0.5258	
0.608108	-1.03788	-0.5158	
0.618576	-1.04375	-0.5058	
0.629102	-1.04951	-0.4958	
0.639686	-1.05517	-0.4858	
0.650325	-1.06072	-0.4758	
0.66102	-1.06616	-0.4658	
0.671768	-1.0715	-0.4558	
0.682569	-1.07672	-0.4458	
0.693422	-1.08184	-0.4358	
0.704326	-1.08685	-0.4258	
0.715279	-1.09176	-0.4158	
0.72628	-1.09655	-0.4058	
0.737329	-1.10123	-0.3958	
0.748424	-1.1058	-0.3858	
0.759565	-1.11026	-0.3758	
0.770749	-1.11461	-0.3658	
0.781977	-1.11885	-0.3558	
0.793246	-1.12297	-0.3458	
0.804556	-1.12698	-0.3358	
0.815905	-1.13088	-0.3258	
0.827293	-1.13466	-0.3158	
0.838718	-1.13833	-0.3058	
0.850179	-1.14189	-0.2958	
0.861675	-1.14533	-0.2858	
0.873205	-1.14865	-0.2758	
0.884768	-1.15186	-0.2658	
0.896362	-1.15496	-0.2558	
0.907986	-1.15794	-0.2458	
0.91964	-1.1608	-0.2358	
0.931322	-1.16354	-0.2258	
0.94303	-1.16617	-0.2158	
0.954765	-1.16868	-0.2058	
0.966523	-1.17108	-0.1958	
0.978306	-1.17335	-0.1858	
0.99011	-1.17551	-0.1758	
1.00194	-1.17755	-0.1658	
1.01378	-1.17947	-0.1558	
1.02564	-1.18127	-0.1458	
1.03753	-1.18296	-0.1358	
1.04942	-1.18452	-0.1258	
1.06134	-1.18597	-0.1158	
1.07326	-1.18729	-0.1058	
1.0852	-1.1885	-0.0958	
1.09715	-1.18959	-0.0858	
1.10911	-1.19056	-0.0758	
1.12108	-1.19141	-0.0658	
1.13306	-1.19214	-0.0558	
1.14504	-1.19275	-0.0458	
1.15703	-1.19324	-0.0358	
1.16903	-1.19361	-0.0258	
1.18103	-1.19385	-0.0158	
1.19303	-1.19398	-0.0058	
1.20503	-1.19399	0.0042	
1.21702	-1.19388	0.0142	
1.22902	-1.19365	0.0242	
1.24102	-1.1933	0.0342	
1.25301	-1.19283	0.0442	
1.26499	-1.19224	0.0542	
1.27697	-1.19153	0.0642	
1.28894	-1.1907	0.0742	
1.30091	-1.18975	0.0842	
1.31286	-1.18868	0.0942	
1.3248	-1.1875	0.1042	
1.33673	-1.18619	0.1142	
1.34864	-1.18476	0.1242	
1.36054	-1.18321	0.1342	
1.37243	-1.18155	0.1442	
1.38429	-1.17977	0.1542	
1.39614	-1.17786	0.1642	
1.40797	-1.17584	0.1742	
1.41978	-1.1737	0.1842	
1.43156	-1.17145	0.1942	
1.44333	-1.16907	0.2042	
1.45506	-1.16658	0.2142	
1.46678	-1.16397	0.2242	
1.47846	-1.16124	0.2342	
1.49012	-1.1584	0.2442	
1.50175	-1.15544	0.2542	
1.51335	-1.15237	0.2642	
1.52492	-1.14917	0.2742	
1.53645	-1.14587	0.2842	
1.54795	-1.14245	0.2942	
1.55942	-1.13891	0.3042	
1.57085	-1.13526	0.3142	
1.58225	-1.13149	0.3242	
1.5936	-1.12761	0.3342	
1.60492	-1.12362	0.3442	
1.61619	-1.11951	0.3542	
1.62743	-1.1153	0.3642	
1.63862	-1.11096	0.3742	
1.64977	-1.10652	0.3842	
1.66087	-1.10197	0.3942	
1.67193	-1.09731	0.4042	
1.68293	-1.09253	0.4142	
1.6939	-1.08765	0.4242	
1.70481	-1.08265	0.4342	
1.71567	-1.07755	0.4442	
1.72648	-1.07234	0.4542	
1.73723	-1.06702	0.4642	
1.74794	-1.06159	0.4742	
1.75859	-1.05606	0.4842	
1.76918	-1.05042	0.4942	
1.77971	-1.04468	0.5042	
1.79019	-1.03883	0.5142	
1.80061	-1.03287	0.5242	
1.81097	-1.02682	0.5342	
1.82127	-1.02065	0.5442	
1.8315	-1.01439	0.5542	
1.84167	-1.00802	0.5642	
1.85178	-1.00156	0.5742	
1.86182	-0.994989	0.5842	
1.8718	-0.98832	0.5942	
1.88171	-0.981553	0.6042	
1.89155	-0.974686	0.6142	
1.90132	-0.967722	0.6242	
1.91102	-0.96066	0.6342	
1.92066	-0.953501	0.6442	
1.93021	-0.946246	0.6542	
1.9397	-0.938897	0.6642	
1.94911	-0.931452	0.6742	
1.95845	-0.923914	0.6842	
1.96771	-0.916283	0.6942	
1.97689	-0.90856	0.7042	
1.986	-0.900745	0.7142	
1.99503	-0.89284	0.7242	
2.00398	-0.884845	0.7342	
2.01285	-0.87676	0.7442	
2.02163	-0.868588	0.7542	
2.03034	-0.860328	0.7642	
2.03896	-0.851981	0.7742	
2.0475	-0.843549	0.7842	
2.05595	-0.835031	0.7942	
2.06432	-0.82643	0.8042	
2.0726	-0.817745	0.8142	
2.08079	-0.808978	0.8242	
2.0889	-0.800129	0.8342	
2.09691	-0.7912	0.8442	
2.10484	-0.782191	0.8542	
2.11268	-0.773103	0.8642	
2.12042	-0.763937	0.8742	
2.12807	-0.754695	0.8842	
2.13564	-0.745376	0.8942	
2.1431	-0.735982	0.9042	
2.15047	-0.726514	0.9142	
2.15775	-0.716972	0.9242	
2.16493	-0.707359	0.9342	
2.17202	-0.697674	0.9442	
2.17901	-0.687918	0.9542	
2.1859	-0.678094	0.9642	
2.19269	-0.6682	0.9742	
2.19938	-0.65824	0.9842	
2.20597	-0.648213	0.9942	
2.21246	-0.63812	1.0042	
2.21885	-0.627964	1.0142	
2.22514	-0.617743	1.0242	
2.23133	-0.607461	1.0342	
2.23741	-0.597117	1.0442	
2.24339	-0.586713	1.0542	
2.24927	-0.576249	1.0642	
2.25504	-0.565727	1.0742	
2.2607	-0.555148	1.0842	
2.26626	-0.544513	1.0942	
2.27171	-0.533823	1.1042	
2.27706	-0.523079	1.1142	
2.28229	-0.512282	1.1242	
2.28742	-0.501433	1.1342	
2.29244	-0.490534	1.1442	
2.29735	-0.479585	1.1542	
2.30215	-0.468587	1.1642	
2.30684	-0.457542	1.1742	
2.31142	-0.44645	1.1842	
2.31589	-0.435313	1.1942	
2.32025	-0.424132	1.2042	
2.32449	-0.412908	1.2142	
2.32863	-0.401643	1.2242	
2.33265	-0.390336	1.2342	
2.33655	-0.37899	1.2442	
2.34035	-0.367605	1.2542	
2.34402	-0.356183	1.2642	
2.34759	-0.344725	1.2742	
2.35104	-0.333231	1.2842	
2.35437	-0.321704	1.2942	
2.35759	-0.310144	1.3042	
2.3607	-0.298552	1.3142	
2.36368	-0.28693	1.3242	
2.36655	-0.275279	1.3342	
2.36931	-0.263599	1.3442	
2.37195	-0.251893	1.3542	
2.37447	-0.24016	1.3642	
2.37687	-0.228403	1.3742	
2.37915	-0.216623	1.3842	
2.38132	-0.20482	1.3942	
2.38337	-0.192997	1.4042	
2.3853	-0.181153	1.4142	
2.38711	-0.169291	1.4242	
2.38881	-0.157411	1.4342	
2.39038	-0.145515	1.4442	
2.39184	-0.133603	1.4542	
2.39317	-0.121678	1.4642	
2.39439	-0.10974	1.4742	
2.39549	-0.0977902	1.4842	
2.39647	-0.0858302	1.4942	
2.39732	-0.073861	1.5042	
2.39806	-0.0618838	1.5142	
2.39868	-0.0498998	1.5242	
2.39918	-0.0379102	1.5342	
2.39956	-0.0259163	1.5442	
2.39982	-0.0139191	1.5542	
2.39996	-0.00191997	1.5642	
2.39998	0.01008	1.5742	
2.39988	0.0220795	1.5842	
2.39966	0.0340774	1.5942	
2.39932	0.0460725	1.6042	
2.39885	0.0580636	1.6142	
2.39827	0.0700495	1.6242	
2.39757	0.082029	1.6342	
2.39675	0.0940009	1.6442	
2.39581	0.105964	1.6542	
2.39475	0.117917	1.6642	
2.39358	0.129859	1.6742	
2.39228	0.141788	1.6842	
2.39086	0.153704	1.6942	
2.38932	0.165606	1.7042	
2.38767	0.177491	1.7142	
2.38589	0.189359	1.7242	
2.384	0.201209	1.7342	
2.38199	0.213039	1.7442	
2.37986	0.224848	1.7542	
2.37761	0.236636	1.7642	
2.37525	0.2484	1.7742	
2.37276	0.260141	1.7842	
2.37016	0.271856	1.7942	
2.36745	0.283544	1.8042	
2.36461	0.295204	1.8142	
2.36166	0.306836	1.8242	
2.3586	0.318438	1.8342	
2.35541	0.330008	1.8442	
2.35212	0.341546	1.8542	
2.3487	0.35305	1.8642	
2.34518	0.36452	1.8742	
2.34153	0.375954	1.8842	
2.33778	0.38735	1.8942	
2.33391	0.398709	1.9042	
2.32992	0.410028	1.9142	
2.32583	0.421307	1.9242	
2.32162	0.432545	1.9342	
2.31729	0.44374	1.9442	
2.31286	0.454891	1.9542	
2.30832	0.465997	1.9642	
2.30366	0.477057	1.9742	
2.2989	0.48807	1.9842	
2.29402	0.499035	1.9942	
2.28903	0.50995	2.0042	
2.28394	0.520815	2.0142	
2.27874	0.531629	2.0242	
2.27343	0.54239	2.0342	
2.26801	0.553097	2.0442	
2.26249	0.56375	2.0542	
2.25686	0.574347	2.0642	
2.25112	0.584887	2.0742	
2.24528	0.59537	2.0842	
2.23933	0.605793	2.0942	
2.23328	0.616156	2.1042	
2.22713	0.626458	2.1142	
2.22087	0.636699	2.1242	
2.21452	0.646876	2.1342	
2.20806	0.656989	2.1442	
2.2015	0.667037	2.1542	
2.19484	0.677019	2.1642	
2.18808	0.686934	2.1742	
2.18122	0.69678	2.1842	
2.17426	0.706558	2.1942	
2.16721	0.716265	2.2042	
2.16006	0.725902	2.2142	
2.15281	0.735467	2.2242	
2.14547	0.744958	2.2342	
2.13803	0.754376	2.2442	
2.1305	0.763719	2.2542	
2.12288	0.772986	2.2642	
2.11516	0.782176	2.2742	
2.10735	0.791289	2.2842	
2.09945	0.800323	2.2942	
2.09147	0.809278	2.3042	
2.08339	0.818153	2.3142	
2.07522	0.826946	2.3242	
2.06697	0.835657	2.3342	
2.05863	0.844285	2.3442	
2.0502	0.85283	2.3542	
2.04169	0.861289	2.3642	
2.0331	0.869664	2.3742	
2.02442	0.877951	2.3842	
2.01566	0.886152	2.3942	
2.00682	0.894265	2.4042	
1.99789	0.902288	2.4142	
1.98889	0.910222	2.4242	
1.97981	0.918066	2.4342	
1.97065	0.925819	2.4442	
1.96141	0.933479	2.4542	
1.9521	0.941047	2.4642	
1.94271	0.948521	2.4742	
1.93325	0.955901	2.4842	
1.92372	0.963186	2.4942	
1.91411	0.970376	2.5042	
1.90443	0.977469	2.5142	
1.89468	0.984464	2.5242	
1.88486	0.991362	2.5342	
1.87497	0.998162	2.5442	
1.86502	1.00486	2.5542	
1.85499	1.01146	2.5642	
1.84491	1.01796	2.5742	
1.83476	1.02436	2.5842	
1.82454	1.03066	2.5942	
1.81426	1.03685	2.6042	
1.80392	1.04294	2.6142	
1.79352	1.04893	2.6242	
1.78307	1.05481	2.6342	
1.77255	1.06059	2.6442	
1.76197	1.06626	2.6542	
1.75134	1.07183	2.6642	
1.74066	1.07729	2.6742	
1.72992	1.08264	2.6842	
1.71912	1.08789	2.6942	
1.70828	1.09303	2.7042	
1.69738	1.09806	2.7142	
1.68644	1.10297	2.7242	
1.67545	1.10778	2.7342	
1.6644	1.11248	2.7442	
1.65332	1.11707	2.7542	
1.64218	1.12155	2.7642	
1.631	1.12592	2.7742	
1.61978	1.13017	2.7842	
1.60852	1.13431	2.7942	
1.59722	1.13834	2.8042	
1.58588	1.14226	2.8142	
1.57449	1.14606	2.8242	
1.56307	1.14975	2.8342	
1.55162	1.15332	2.8442	
1.54013	1.15678	2.8542	
1.5286	1.16012	2.8642	
1.51705	1.16335	2.8742	
1.50546	1.16646	2.8842	
1.49384	1.16946	2.8942	
1.48219	1.17234	2.9042	
1.47051	1.1751	2.9142	
1.45881	1.17775	2.9242	
1.44708	1.18028	2.9342	
1.43532	1.18269	2.9442	
1.42354	1.18499	2.9542	
1.41174	1.18716	2.9642	
1.39992	1.18922	2.9742	
1.38808	1.19116	2.9842	
1.37622	1.19298	2.9942	
1.36434	1.19469	3.0042	
1.35244	1.19627	3.0142	
1.34053	1.19774	3.0242	
1.32861	1.19908	3.0342	
1.31667	1.20031	3.0442	
1.30472	1.20142	3.0542	
1.29276	1.2024	3.0642	
1.2808	1.20327	3.0742	
1.26882	1.20402	3.0842	
1.25683	1.20465	3.0942	
1.24485	1.20516	3.1042	
1.23285	1.20555	3.1142	
1.22086	1.20581	3.1242	
1.20886	1.20596	3.1342	
1.19686	1.20599	3.1442	
1.18486	1.2059	3.1542	
1.17286	1.20569	3.1642	
1.16086	1.20536	3.1742	
1.14887	1.20491	3.1842	
1.13689	1.20434	3.1942	
1.12491	1.20364	3.2042	
1.11293	1.20283	3.2142	
1.10097	1.2019	3.2242	
1.08901	1.20085	3.2342	
1.07707	1.19968	3.2442	
1.06514	1.1984	3.2542	
1.05322	1.19699	3.2642	
1.04132	1.19546	3.2742	
1.02944	1.19381	3.2842	
1.01757	1.19205	3.2942	
1.00571	1.19017	3.3042	
0.993883	1.18816	3.3142	
0.982072	1.18604	3.3242	
0.970283	1.18381	3.3342	
0.958516	1.18145	3.3442	
0.946774	1.17898	3.3542	
0.935057	1.17639	3.3642	
0.923367	1.17368	3.3742	
0.911704	1.17085	3.3842	
0.90007	1.16791	3.3942	
0.888466	1.16486	3.4042	
0.876893	1.16168	3.4142	
0.865352	1.15839	3.4242	
0.853845	1.15499	3.4342	
0.842373	1.15147	3.4442	
0.830936	1.14784	3.4542	
0.819536	1.14409	3.4642	
0.808175	1.14023	3.4742	
0.796852	1.13625	3.4842	
0.78557	1.13217	3.4942	
0.774329	1.12797	3.5042	
0.763131	1.12365	3.5142	
0.751976	1.11923	3.5242	
0.740867	1.11469	3.5342	
0.729803	1.11005	3.5442	
0.718786	1.10529	3.5542	
0.707817	1.10042	3.5642	
0.696898	1.09545	3.5742	
0.686029	1.09036	3.5842	
0.675211	1.08517	3.5942	
0.664446	1.07987	3.6042	
0.653734	1.07446	3.6142	
0.643077	1.06894	3.6242	
0.632475	1.06332	3.6342	
0.621931	1.05759	3.6442	
0.611444	1.05176	3.6542	
0.601016	1.04582	3.6642	
0.590648	1.03978	3.6742	
0.58034	1.03363	3.6842	
0.570095	1.02739	3.6942	
0.559913	1.02104	3.7042	
0.549795	1.01458	3.7142	
0.539741	1.00803	3.7242	
0.529754	1.00138	3.7342	
0.519834	0.994628	3.7442	
0.509982	0.987777	3.7542	
0.500199	0.980828	3.7642	
0.490486	0.973782	3.7742	
0.480843	0.966639	3.7842	
0.471273	0.959399	3.7942	
0.461776	0.952065	3.8042	
0.452352	0.944635	3.8142	
0.443003	0.937112	3.8242	
0.43373	0.929496	3.8342	
0.424533	0.921787	3.8442	
0.415414	0.913987	3.8542	
0.406374	0.906096	3.8642	
0.397413	0.898115	3.8742	
0.388532	0.890045	3.8842	
0.379732	0.881887	3.8942	
0.371014	0.87364	3.9042	
0.362379	0.865307	3.9142	
0.353828	0.856888	3.9242	
0.345362	0.848385	3.9342	
0.336981	0.839796	3.9442	
0.328686	0.831125	3.9542	
0.320478	0.822371	3.9642	
0.312359	0.813535	3.9742	
0.304328	0.804618	3.9842	
0.296387	0.795622	3.9942	
0.288536	0.786547	4.0042	
0.280776	0.777393	4.0142	
0.273108	0.768163	4.0242	
0.265533	0.758856	4.0342	
0.258051	0.749474	4.0442	
0.250663	0.740018	4.0542	
0.243371	0.730488	4.0642	
0.236174	0.720886	4.0742	
0.229073	0.711212	4.0842	
0.22207	0.701468	4.0942	
0.215164	0.691654	4.1042	
0.208357	0.681772	4.1142	
0.201649	0.671822	4.1242	
0.195041	0.661805	4.1342	
0.188533	0.651723	4.1442	
0.182126	0.641577	4.1542	
0.175821	0.631366	4.1642	
0.169619	0.621094	4.1742	
0.16352	0.61076	4.1842	
0.157524	0.600365	4.1942	
0.151632	0.589911	4.2042	
0.145846	0.579398	4.2142	
0.140165	0.568828	4.2242	
0.134589	0.558202	4.2342	
0.129121	0.547521	4.2442	
0.123759	0.536785	4.2542	
0.118505	0.525996	4.2642	
0.113359	0.515156	4.2742	
0.108322	0.504264	4.2842	
0.103394	0.493323	4.2942	
0.0985756	0.482333	4.3042	
0.0938673	0.471295	4.3142	
0.0892697	0.460211	4.3242	
0.0847832	0.449081	4.3342	
0.0804082	0.437907	4.3442	
0.0761451	0.42669	4.3542	
0.0719944	0.415431	4.3642	
0.0679565	0.404131	4.3742	
0.0640319	0.392791	4.3842	
0.0602208	0.381412	4.3942	
0.0565237	0.369996	4.4042	
0.0529409	0.358543	4.4142	
0.0494728	0.347055	4.4242	
0.0461198	0.335533	4.4342	
0.0428822	0.323978	4.4442	
0.0397603	0.312392	4.4542	
0.0367544	0.300774	4.4642	
0.0338648	0.289127	4.4742	
0.0310918	0.277452	4.4842	
0.0284357	0.26575	4.4942	
0.0258968	0.254022	4.5042	
0.0234753	0.242268	4.5142	
0.0211714	0.230492	4.5242	
0.0189855	0.218693	4.5342	
0.0169176	0.206872	4.5442	
0.014968	0.195032	4.5542	
0.0131369	0.183172	4.5642	
0.0114245	0.171295	4.5742	
0.00983098	0.159401	4.5842	
0.00835645	0.147492	4.5942	
0.00700109	0.135569	4.6042	
0.00576502	0.123633	4.6142	
0.00464838	0.111685	4.6242	
0.00365126	0.0997268	4.6342	
0.00277378	0.0877589	4.6442	
0.00201602	0.0757829	4.6542	
0.00137806	0.0638	4.6642	
0.000859955	0.0518112	4.6742	
0.000461762	0.0398179	4.6842	
0.00018352	0.0278211	4.6942	
2.52575e-05	0.0158222	4.7042	
-1.30101e-05	0.00382234	4.7142	
6.87212e-05	-0.00817733	4.7242	
0.000270443	-0.0201756	4.7342	
0.000592135	-0.0321712	4.7442	
0.00103377	-0.044163	4.7542	
0.00159529	-0.0561498	4.7642	
0.00227665	-0.0681304	4.7742	
0.00307779	-0.0801036	4.7842	
0.00399861	-0.0920682	4.7942	
0.00503903	-0.104023	4.8042	
0.00619894	-0.115967	4.8142	
0.00747823	-0.127898	4.8242	
0.00887677	-0.139816	4.8342	
0.0103944	-0.15172	4.8442	
0.012031	-0.163608	4.8542	
0.0137864	-0.175479	4.8642	
0.0156605	-0.187331	4.8742	
0.0176529	-0.199165	4.8842	
0.0197636	-0.210978	4.8942	
0.0219923	-0.222769	4.9042	
0.0243388	-0.234537	4.9142	
0.0268029	-0.246281	4.9242	
0.0293843	-0.258	4.9342	
0.0320827	-0.269693	4.9442	
0.0348979	-0.281358	4.9542	
0.0378297	-0.292994	4.9642	
0.0408776	-0.304601	4.9742	
0.0440415	-0.316176	4.9842	
0.047321	-0.327719	4.9942	
0.0507157	-0.339229	5.0042	
0.0542253	-0.350704	5.0142	
0.0578496	-0.362144	5.0242	
0.061588	-0.373547	5.0342	
0.0654403	-0.384911	5.0442	
0.069406	-0.396237	5.0542	
0.0734848	-0.407523	5.0642	
0.0776762	-0.418767	5.0742	
0.0819799	-0.429968	5.0842	
0.0863954	-0.441126	5.0942	
0.0909222	-0.45224	5.1042	
0.0955599	-0.463307	5.1142	
0.100308	-0.474328	5.1242	
0.105166	-0.485301	5.1342	
0.110134	-0.496224	5.1442	
0.11521	-0.507097	5.1542	
0.120396	-0.517919	5.1642	
0.125689	-0.528689	5.1742	
0.131089	-0.539405	5.1842	
0.136596	-0.550066	5.1942	
0.14221	-0.560672	5.2042	
0.14793	-0.571221	5.2142	
0.153754	-0.581713	5.2242	
0.159684	-0.592146	5.2342	
0.165717	-0.602519	5.2442	
0.171854	-0.612831	5.2542	
0.178093	-0.623081	5.2642	
0.184435	-0.633268	5.2742	
0.190878	-0.643391	5.2842	
0.197422	-0.65345	5.2942	
0.204067	-0.663442	5.3042	
0.210811	-0.673368	5.3142	
0.217654	-0.683226	5.3242	
0.224595	-0.693014	5.3342	
0.231634	-0.702733	5.3442	
0.23877	-0.712381	5.3542	
0.246001	-0.721957	5.3642	
0.253328	-0.73146	5.3742	
0.26075	-0.74089	5.3842	
0.268266	-0.750245	5.3942	
0.275875	-0.759524	5.4042	
0.283576	-0.768727	5.4142	
0.291369	-0.777852	5.4242	
0.299253	-0.786899	5.4342	
0.307226	-0.795866	5.4442	
0.31529	-0.804753	5.4542	
0.323441	-0.81356	5.4642	
0.33168	-0.822284	5.4742	
0.340006	-0.830926	5.4842	
0.348419	-0.839483	5.4942	
0.356916	-0.847957	5.5042	
0.365497	-0.856344	5.5142	
0.374162	-0.864646	5.5242	
0.38291	-0.872861	5.5342	
0.391739	-0.880987	5.5442	
0.400649	-0.889025	5.5542	
0.409639	-0.896974	5.5642	
0.418708	-0.904832	5.5742	
0.427855	-0.912599	5.5842	
0.43708	-0.920274	5.5942	
0.446381	-0.927857	5.6042	
0.455757	-0.935346	5.6142	
0.465207	-0.942741	5.6242	
0.474731	-0.950041	5.6342	
0.484328	-0.957246	5.6442	
0.493996	-0.964354	5.6542	
0.503734	-0.971366	5.6642	
0.513542	-0.978279	5.6742	
0.523419	-0.985094	5.6842	
0.533364	-0.99181	5.6942	
0.543375	-0.998426	5.7042	
0.553452	-1.00494	5.7142	
0.563594	-1.01136	5.7242	
0.573799	-1.01767	5.7342	
0.584067	-1.02388	5.7442	
0.594396	-1.02999	5.7542	
0.604786	-1.03599	5.7642	
0.615235	-1.04189	5.7742	
0.625743	-1.04769	5.7842	
0.636309	-1.05338	5.7942	
0.64693	-1.05896	5.8042	
0.657607	-1.06444	5.8142	
0.668339	-1.06981	5.8242	
0.679123	-1.07507	5.8342	
0.68996	-1.08022	5.8442	
0.700847	-1.08527	5.8542	
0.711785	-1.09021	5.8642	
0.722771	-1.09503	5.8742	
0.733805	-1.09975	5.8842	
0.744885	-1.10436	5.8942	
0.756011	-1.10885	5.9042	
0.767182	-1.11324	5.9142	
0.778396	-1.11751	5.9242	
0.789652	-1.12167	5.9342	
0.800949	-1.12572	5.9442	
0.812286	-1.12965	5.9542	
0.823661	-1.13347	5.9642	
0.835074	-1.13718	5.9742	
0.846524	-1.14077	5.9842	
0.858009	-1.14424	5.9942	
0.869529	-1.14761	6.0042	
0.881081	-1.15085	6.0142	
0.892665	-1.15398	6.0242	
0.90428	-1.157	6.0342	
0.915925	-1.1599	6.0442	
0.927598	-1.16268	6.0542	
0.939298	-1.16535	6.0642	
0.951024	-1.16789	6.0742	
0.962775	-1.17033	6.0842	
0.97455	-1.17264	6.0942	
0.986348	-1.17483	6.1042	
0.998166	-1.17691	6.1142	
1.01001	-1.17887	6.1242	
1.02186	-1.18071	6.1342	
1.03374	-1.18243	6.1442	
1.04563	-1.18404	6.1542	
1.05754	-1.18552	6.1642	
1.06946	-1.18688	6.1742	
1.0814	-1.18813	6.1842	
1.09334	-1.18926	6.1942	
1.1053	-1.19026	6.2042	
1.11727	-1.19115	6.2142	
1.12924	-1.19192	6.2242	
1.14123	-1.19256	6.2342	
1.15321	-1.19309	6.2442	
1.16521	-1.1935	6.2542	
1.1772	-1.19379	6.2642	
1.1892	-1.19396	6.2742	
1.2012	-1.194	6.2842	
1.2132	-1.19393	6.2942	
1.2252	-1.19374	6.3042	
1.2372	-1.19343	6.3142	
1.24919	-1.193	6.3242	
1.26118	-1.19244	6.3342	
1.27316	-1.19177	6.3442	
1.28513	-1.19098	6.3542	
1.2971	-1.19007	6.3642	
1.30905	-1.18904	6.3742	
1.321	-1.18789	6.3842	
1.33293	-1.18662	6.3942	
1.34485	-1.18523	6.4042	
1.35675	-1.18372	6.4142	
1.36864	-1.18209	6.4242	
1.38051	-1.18035	6.4342	
1.39237	-1.17848	6.4442	
1.4042	-1.1765	6.4542	
1.41602	-1.1744	6.4642	
1.42781	-1.17218	6.4742	
1.43958	-1.16984	6.4842	
1.45133	-1.16739	6.4942	
1.46305	-1.16482	6.5042	
1.47474	-1.16213	6.5142	
1.48641	-1.15932	6.5242	
1.49805	-1.1564	6.5342	
1.50966	-1.15336	6.5442	
1.52124	-1.1502	6.5542	
1.53278	-1.14693	6.5642	
1.54429	-1.14355	6.5742	
1.55577	-1.14005	6.5842	
1.56721	-1.13643	6.5942	
1.57862	-1.1327	6.6042	
1.58999	-1.12886	6.6142	
1.60132	-1.1249	6.6242	
1.61261	-1.12083	6.6342	
1.62385	-1.11665	6.6442	
1.63506	-1.11236	6.6542	
1.64622	-1.10795	6.6642	
1.65734	-1.10343	6.6742	
1.66841	-1.0988	6.6842	
1.67943	-1.09406	6.6942	
1.69041	-1.08921	6.7042	
1.70134	-1.08426	6.7142	
1.71221	-1.07919	6.7242	
1.72304	-1.07401	6.7342	
1.73381	-1.06873	6.7442	
1.74453	-1.06333	6.7542	
1.7552	-1.05784	6.7642	
1.76581	-1.05223	6.7742	
1.77636	-1.04652	6.7842	
1.78686	-1.0407	6.7942	
1.7973	-1.03478	6.8042	
1.80768	-1.02876	6.8142	
1.81799	-1.02263	6.8242	
1.82825	-1.0164	6.8342	
1.83844	-1.01006	6.8442	
1.84857	-1.00363	6.8542	
1.85863	-0.997092	6.8642	
1.86863	-0.990455	6.8742	
1.87856	-0.983719	6.8842	
1.88842	-0.976884	6.8942	
1.89822	-0.969951	6.9042	
1.90794	-0.96292	6.9142	
1.9176	-0.955792	6.9242	
1.92718	-0.948568	6.9342	
1.93669	-0.941248	6.9442	
1.94612	-0.933834	6.9542	
1.95548	-0.926326	6.9642	
1.96477	-0.918724	6.9742	
1.97398	-0.91103	6.9842	
1.98311	-0.903245	6.9942	
1.99216	-0.895368	7.0042	
2.00114	-0.887401	7.0142	
2.01003	-0.879345	7.0242	
2.01884	-0.871201	7.0342	
2.02757	-0.862968	7.0442	
2.03622	-0.854649	7.0542	
2.04479	-0.846244	7.0642	
2.05327	-0.837753	7.0742	
2.06166	-0.829179	7.0842	
2.06997	-0.82052	7.0942	
2.07819	-0.811779	7.1042	
2.08632	-0.802956	7.1142	
2.09437	-0.794053	7.1242	
2.10232	-0.785069	7.1342	
2.11019	-0.776006	7.1442	
2.11796	-0.766865	7.1542	
2.12565	-0.757647	7.1642	
2.13324	-0.748352	7.1742	
2.14073	-0.738982	7.1842	
2.14814	-0.729538	7.1942	
2.15544	-0.720019	7.2042	
2.16266	-0.710429	7.2142	
2.16977	-0.700766	7.2242	
2.17679	-0.691033	7.2342	
2.18371	-0.681231	7.2442	
2.19054	-0.671359	7.2542	
2.19726	-0.66142	7.2642	
2.20388	-0.651414	7.2742	
2.21041	-0.641342	7.2842	
2.21683	-0.631206	7.2942	
2.22315	-0.621006	7.3042	
2.22937	-0.610743	7.3142	
2.23549	-0.600418	7.3242	
2.2415	-0.590033	7.3342	
2.24741	-0.579588	7.3442	
2.25321	-0.569085	7.3542	
2.25891	-0.558524	7.3642	
2.2645	-0.547907	7.3742	
2.26999	-0.537234	7.3842	
2.27536	-0.526507	7.3942	
2.28064	-0.515727	7.4042	
2.2858	-0.504895	7.4142	
2.29085	-0.494011	7.4242	
2.2958	-0.483078	7.4342	
2.30063	-0.472095	7.4442	
2.30536	-0.461065	7.4542	
2.30998	-0.449988	7.4642	
2.31448	-0.438866	7.4742	
2.31887	-0.427699	7.4842	
2.32315	-0.416488	7.4942	
2.32732	-0.405236	7.5042	
2.33138	-0.393942	7.5142	
2.33532	-0.382608	7.5242	
2.33915	-0.371236	7.5342	
2.34287	-0.359825	7.5442	
2.34647	-0.348378	7.5542	
2.34995	-0.336896	7.5642	
2.35332	-0.325379	7.5742	
2.35658	-0.31383	7.5842	
2.35972	-0.302248	7.5942	
2.36274	-0.290635	7.6042	
2.36565	-0.278993	7.6142	
2.36844	-0.267322	7.6242	
2.37112	-0.255624	7.6342	
2.37368	-0.2439	7.6442	
2.37612	-0.232151	7.6542	
2.37844	-0.220378	7.6642	
2.38064	-0.208582	7.6742	
2.38273	-0.196765	7.6842	
2.3847	-0.184928	7.6942	
2.38655	-0.173071	7.7042	
2.38828	-0.161197	7.7142	
2.38989	-0.149306	7.7242	
2.39139	-0.137399	7.7342	
2.39276	-0.125478	7.7442	
2.39402	-0.113544	7.7542	
2.39515	-0.101598	7.7642	
2.39617	-0.0896409	7.7742	
2.39706	-0.0776745	7.7842	
2.39784	-0.0656997	7.7942	
2.3985	-0.0537177	7.8042	
2.39904	-0.0417298	7.8142	
2.39945	-0.0297371	7.8242	
2.39975	-0.0177408	7.8342	
2.39993	-0.00574221	7.8442	
2.39998	0.00625761	7.8542	
2.39992	0.0182574	7.8642	
2.39974	0.030256	7.8742	
2.39944	0.0422521	7.8842	
2.39901	0.0542446	7.8942	
2.39847	0.0662323	7.9042	
2.39781	0.0782139	7.9142	
2.39703	0.0901884	7.9242	
2.39613	0.102154	7.9342	
2.3951	0.114111	7.9442	
2.39396	0.126056	7.9542	
2.3927	0.13799	7.9642	
2.39132	0.14991	7.9742	
2.38983	0.161816	7.9842	
2.38821	0.173707	7.9942	
2.38647	0.18558	8.0042	
2.38462	0.197436	8.0142	
2.38264	0.209273	8.0242	
2.38055	0.221089	8.0342	
2.37834	0.232884	8.0442	
2.37601	0.244656	8.0542	
2.37357	0.256404	8.0642	
2.371	0.268127	8.0742	
2.36832	0.279824	8.0842	
2.36553	0.291493	8.0942	
2.36262	0.303134	8.1042	
2.35959	0.314745	8.1142	
2.35644	0.326326	8.1242	
2.35318	0.337874	8.1342	
2.3498	0.349389	8.1442	
2.34631	0.36087	8.1542	
2.34271	0.372315	8.1642	
2.33899	0.383724	8.1742	
2.33515	0.395095	8.1842	
2.3312	0.406427	8.1942	
2.32714	0.417719	8.2042	
2.32297	0.42897	8.2142	
2.31868	0.440178	8.2242	
2.31429	0.451343	8.2342	
2.30978	0.462464	8.2442	
2.30516	0.473539	8.2542	
2.30043	0.484567	8.2642	
2.29558	0.495547	8.2742	
2.29063	0.506479	8.2842	
2.28558	0.51736	8.2942	
2.28041	0.52819	8.3042	
2.27513	0.538968	8.3142	
2.26975	0.549693	8.3242	
2.26426	0.560363	8.3342	
2.25866	0.570978	8.3442	
2.25296	0.581536	8.3542	
2.24715	0.592037	8.3642	
2.24124	0.602479	8.3742	
2.23522	0.612862	8.3842	
2.2291	0.623183	8.3942	
2.22288	0.633444	8.4042	
2.21655	0.643641	8.4142	
2.21012	0.653775	8.4242	
2.2036	0.663843	8.4342	
2.19697	0.673847	8.4442	
2.19024	0.683783	8.4542	
2.18341	0.693651	8.4642	
2.17649	0.703451	8.4742	
2.16946	0.713181	8.4842	
2.16234	0.72284	8.4942	
2.15513	0.732428	8.5042	
2.14782	0.741943	8.5142	
2.14041	0.751384	8.5242	
2.13291	0.760751	8.5342	
2.12531	0.770042	8.5442	
2.11763	0.779257	8.5542	
2.10985	0.788395	8.5642	
2.10198	0.797454	8.5742	
2.09402	0.806434	8.5842	
2.08597	0.815335	8.5942	
2.07783	0.824154	8.6042	
2.06961	0.832891	8.6142	
2.0613	0.841546	8.6242	
2.0529	0.850117	8.6342	
2.04441	0.858604	8.6442	
2.03585	0.867005	8.6542	
2.02719	0.875321	8.6642	
2.01846	0.883549	8.6742	
2.00964	0.89169	8.6842	
2.00075	0.899742	8.6942	
1.99177	0.907705	8.7042	
1.98271	0.915578	8.7142	
1.97358	0.923359	8.7242	
1.96436	0.931049	8.7342	
1.95508	0.938647	8.7442	
1.94571	0.946151	8.7542	
1.93627	0.953561	8.7642	
1.92676	0.960876	8.7742	
1.91718	0.968096	8.7842	
1.90752	0.97522	8.7942	
1.89779	0.982247	8.8042	
1.88799	0.989176	8.8142	
1.87813	0.996007	8.8242	
1.86819	1.00274	8.8342	
1.85819	1.00937	8.8442	
1.84813	1.0159	8.8542	
1.838	1.02233	8.8642	
1.8278	1.02866	8.8742	
1.81754	1.03489	8.8842	
1.80722	1.04101	8.8942	
1.79684	1.04703	8.9042	
1.7864	1.05295	8.9142	
1.7759	1.05876	8.9242	
1.76535	1.06447	8.9342	
1.75474	1.07007	8.9442	
1.74407	1.07556	8.9542	
1.73334	1.08095	8.9642	
1.72257	1.08623	8.9742	
1.71174	1.0914	8.9842	
1.70086	1.09647	8.9942	
1.68993	1.10142	9.0042	
1.67895	1.10626	9.0142	
1.66793	1.111	9.0242	
1.65685	1.11562	9.0342	
1.64573	1.12014	9.0442	
1.63457	1.12454	9.0542	
1.62336	1.12883	9.0642	
1.61211	1.133	9.0742	
1.60082	1.13707	9.0842	
1.58949	1.14102	9.0942	
1.57812	1.14486	9.1042	
1.56672	1.14858	9.1142	
1.55527	1.15219	9.1242	
1.54379	1.15569	9.1342	
1.53228	1.15907	9.1442	
1.52073	1.16234	9.1542	
1.50915	1.16549	9.1642	
1.49754	1.16852	9.1742	
1.4859	1.17144	9.1842	
1.47423	1.17424	9.1942	
1.46254	1.17692	9.2042	
1.45082	1.17949	9.2142	
1.43907	1.18194	9.2242	
1.4273	1.18427	9.2342	
1.4155	1.18648	9.2442	
1.40369	1.18858	9.2542	
1.39185	1.19056	9.2642	
1.38	1.19242	9.2742	
1.36812	1.19416	9.2842	
1.35623	1.19578	9.2942	
1.34433	1.19728	9.3042	
1.33241	1.19867	9.3142	
1.32048	1.19993	9.3242	
1.30853	1.20108	9.3342	
1.29657	1.2021	9.3442	
1.28461	1.20301	9.3542	
1.27263	1.20379	9.3642	
1.26065	1.20446	9.3742	
1.24867	1.20501	9.3842	
1.23667	1.20543	9.3942	
1.22468	1.20574	9.4042	
1.21268	1.20593	9.4142	
1.20068	1.206	9.4242	
1.18868	1.20594	9.4342	
1.17668	1.20577	9.4442	
1.16468	1.20548	9.4542	
1.15269	1.20506	9.4642	
1.1407	1.20453	9.4742	
1.12872	1.20388	9.4842	
1.11675	1.20311	9.4942	
1.10478	1.20221	9.5042	
1.09282	1.2012	9.5142	
1.08088	1.20007	9.5242	
1.06894	1.19882	9.5342	
1.05702	1.19745	9.5442	
1.04511	1.19596	9.5542	
1.03322	1.19435	9.5642	
1.02135	1.19262	9.5742	
1.00949	1.19078	9.5842	
0.99765	1.18881	9.5942	
0.985832	1.18673	9.6042	
0.974035	1.18453	9.6142	
0.962262	1.18221	9.6242	
0.950512	1.17978	9.6342	
0.938786	1.17722	9.6442	
0.927087	1.17455	9.6542	
0.915416	1.17177	9.6642	
0.903772	1.16886	9.6742	
0.892159	1.16584	9.6842	
0.880576	1.16271	9.6942	
0.869025	1.15945	9.7042	
0.857507	1.15609	9.7142	
0.846023	1.1526	9.7242	
0.834575	1.14901	9.7342	
0.823164	1.1453	9.7442	
0.81179	1.14147	9.7542	
0.800454	1.13753	9.7642	
0.789159	1.13348	9.7742	
0.777905	1.12932	9.7842	
0.766693	1.12504	9.7942	
0.755525	1.12065	9.8042	
0.7444	1.11615	9.8142	
0.733322	1.11154	9.8242	
0.72229	1.10682	9.8342	
0.711306	1.10198	9.8442	
0.700371	1.09704	9.8542	
0.689485	1.09199	9.8642	
0.678651	1.08683	9.8742	
0.667869	1.08157	9.8842	
0.65714	1.07619	9.8942	
0.646465	1.07071	9.9042	
0.635846	1.06512	9.9142	
0.625283	1.05943	9.9242	
0.614778	1.05363	9.9342	
0.604331	1.04772	9.9442	
0.593944	1.04171	9.9542	
0.583617	1.0356	9.9642	
0.573352	1.02939	9.9742	
0.563149	1.02307	9.9842	
0.553011	1.01665	9.9942	
0.542937	1.01013	10.0042	
0.532928	1.00351	10.0142	
0.522987	0.99679	10.0242	
0.513113	0.98997	10.0342	
0.503307	0.983053	10.0442	
0.493572	0.976037	10.0542	
0.483907	0.968925	10.0642	
0.474314	0.961716	10.0742	
0.464793	0.954411	10.0842	
0.455346	0.947012	10.0942	
0.445973	0.939519	10.1042	
0.436675	0.931932	10.1142	
0.427454	0.924253	10.1242	
0.418311	0.916482	10.1342	
0.409245	0.90862	10.1442	
0.400258	0.900667	10.1542	
0.391352	0.892625	10.1642	
0.382526	0.884495	10.1742	
0.373782	0.876276	10.1842	
0.365121	0.867971	10.1942	
0.356543	0.859579	10.2042	
0.348049	0.851102	10.2142	
0.339641	0.842541	10.2242	
0.331319	0.833896	10.2342	
0.323083	0.825168	10.2442	
0.314936	0.816358	10.2542	
0.306876	0.807467	10.2642	
0.298906	0.798496	10.2742	
0.291027	0.789446	10.2842	
0.283238	0.780317	10.2942	
0.27554	0.771111	10.3042	
0.267936	0.761829	10.3142	
0.260424	0.752471	10.3242	
0.253006	0.743038	10.3342	
0.245683	0.733531	10.3442	
0.238456	0.723952	10.3542	
0.231325	0.714301	10.3642	
0.22429	0.704579	10.3742	
0.217353	0.694788	10.3842	
0.210514	0.684927	10.3942	
0.203775	0.674999	10.4042	
0.197135	0.665003	10.4142	
0.190595	0.654942	10.4242	
0.184156	0.644816	10.4342	
0.177819	0.634626	10.4442	
0.171583	0.624373	10.4542	
0.165451	0.614058	10.4642	
0.159422	0.603682	10.4742	
0.153498	0.593247	10.4842	
0.147678	0.582753	10.4942	
0.141963	0.572201	10.5042	
0.136354	0.561593	10.5142	
0.130851	0.550929	10.5242	
0.125455	0.540211	10.5342	
0.120167	0.529439	10.5442	
0.114986	0.518615	10.5542	
0.109915	0.507739	10.5642	
0.104952	0.496813	10.5742	
0.100098	0.485839	10.5842	
0.0953551	0.474816	10.5942	
0.0907222	0.463747	10.6042	
0.0862002	0.452631	10.6142	
0.0817896	0.441471	10.6242	
0.0774908	0.430268	10.6342	
0.0733043	0.419022	10.6442	
0.0692305	0.407734	10.6542	
0.0652697	0.396407	10.6642	
0.0614224	0.385041	10.6742	
0.0576889	0.373636	10.6842	
0.0540697	0.362195	10.6942	
0.050565	0.350718	10.7042	
0.0471753	0.339207	10.7142	
0.0439009	0.327662	10.7242	
0.0407421	0.316086	10.7342	
0.0376992	0.304478	10.7442	
0.0347726	0.29284	10.7542	
0.0319624	0.281174	10.7642	
0.0292691	0.26948	10.7742	
0.0266928	0.25776	10.7842	
0.0242339	0.246015	10.7942	
0.0218925	0.234245	10.8042	
0.019669	0.222453	10.8142	
0.0175634	0.21064	10.8242	
0.0155761	0.198805	10.8342	
0.0137073	0.186952	10.8442	
0.0119571	0.17508	10.8542	
0.0103257	0.163192	10.8642	
0.00881321	0.151287	10.8742	
0.00741987	0.139369	10.8842	
0.00614579	0.127436	10.8942	
0.00499109	0.115492	10.9042	
0.00395589	0.103537	10.9142	
0.0030403	0.091572	10.9242	
0.00224439	0.0795985	10.9342	
0.00156826	0.0676176	10.9442	
0.00101197	0.0556305	10.9542	
0.000575581	0.0436385	10.9642	
0.000259128	0.0316428	10.9742	
6.26459e-05	0.0196444	10.9842	
-1.38447e-05	0.00764471	10.9942	
2.96635e-05	-0.00435516	11.0042	
0.000193166	-0.016354	11.0142	
0.000476647	-0.0283506	11.0242	
0.000880078	-0.0403438	11.0342	
0.00140342	-0.0523323	11.0442	
0.00204662	-0.064315	11.0542	
0.00280961	-0.0762907	11.0642	
0.00369231	-0.0882581	11.0742	
0.00469465	-0.100216	11.0842	
0.00581651	-0.112164	11.0942	
0.00705779	-0.124099	11.1042	
0.00841836	-0.136022	11.1142	
0.00989809	-0.14793	11.1242	
0.0114968	-0.159823	11.1342	
0.0132144	-0.171699	11.1442	
0.0150507	-0.183558	11.1542	
0.0170054	-0.195398	11.1642	
0.0190785	-0.207217	11.1742	
0.0212696	-0.219015	11.1842	
0.0235786	-0.230791	11.1942	
0.0260053	-0.242543	11.2042	
0.0285493	-0.25427	11.2142	
0.0312105	-0.265971	11.2242	
0.0339885	-0.277645	11.2342	
0.0368832	-0.289291	11.2442	
0.0398942	-0.300907	11.2542	
0.0430212	-0.312492	11.2642	
0.0462638	-0.324046	11.2742	
0.0496219	-0.335566	11.2842	
0.053095	-0.347053	11.2942	
0.0566827	-0.358504	11.3042	
0.0603848	-0.369919	11.3142	
0.0642009	-0.381296	11.3242	
0.0681305	-0.392634	11.3342	
0.0721733	-0.403932	11.3442	
0.0763289	-0.41519	11.3542	
0.0805969	-0.426405	11.3642	
0.0849768	-0.437577	11.3742	
0.0894682	-0.448705	11.3842	
0.0940707	-0.459787	11.3942	
0.0987837	-0.470823	11.4042	
0.103607	-0.481811	11.4142	
0.10854	-0.49275	11.4242	
0.113582	-0.503639	11.4342	
0.118732	-0.514478	11.4442	
0.123991	-0.525264	11.4542	
0.129357	-0.535997	11.4642	
0.134831	-0.546676	11.4742	
0.14041	-0.5573	11.4842	
0.146096	-0.567867	11.4942	
0.151888	-0.578377	11.5042	
0.157784	-0.588829	11.5142	
0.163784	-0.599221	11.5242	
0.169888	-0.609553	11.5342	
0.176095	-0.619823	11.5442	
0.182404	-0.63003	11.5542	
0.188815	-0.640174	11.5642	
0.195327	-0.650253	11.5742	
0.20194	-0.660267	11.5842	
0.208652	-0.670214	11.5942	
0.215464	-0.680093	11.6042	
0.222374	-0.689904	11.6142	
0.229381	-0.699645	11.6242	
0.236486	-0.709316	11.6342	
0.243687	-0.718915	11.6442	
0.250984	-0.728441	11.6542	
0.258376	-0.737894	11.6642	
0.265862	-0.747273	11.6742	
0.273441	-0.756576	11.6842	
0.281113	-0.765804	11.6942	
0.288877	-0.774954	11.7042	
0.296732	-0.784025	11.7142	
0.304677	-0.793018	11.7242	
0.312712	-0.801931	11.7342	
0.320835	-0.810764	11.7442	
0.329046	-0.819514	11.7542	
0.337345	-0.828182	11.7642	
0.34573	-0.836767	11.7742	
0.3542	-0.845267	11.7842	
0.362755	-0.853682	11.7942	
0.371393	-0.862011	11.8042	
0.380115	-0.870254	11.8142	
0.388918	-0.878408	11.8242	
0.397802	-0.886475	11.8342	
0.406767	-0.894452	11.8442	
0.415811	-0.902339	11.8542	
0.424933	-0.910135	11.8642	
0.434133	-0.917839	11.8742	
0.44341	-0.925452	11.8842	
0.452762	-0.932971	11.8942	
0.462189	-0.940396	11.9042	
0.471689	-0.947726	11.9142	
0.481263	-0.954962	11.9242	
0.490908	-0.962101	11.9342	
0.500625	-0.969143	11.9442	
0.510411	-0.976088	11.9542	
0.520266	-0.982934	11.9642	
0.530189	-0.989682	11.9742	
0.540179	-0.99633	11.9842	
0.550235	-1.00288	11.9942	
0.560356	-1.00932	12.0042	
0.570541	-1.01567	12.0142	
0.580789	-1.02191	12.0242	
0.591099	-1.02805	12.0342	
0.60147	-1.03409	12.0442	
0.6119	-1.04002	12.0542	
0.62239	-1.04585	12.0642	
0.632937	-1.05158	12.0742	
0.643541	-1.05719	12.0842	
0.6542	-1.0627	12.0942	
0.664915	-1.06811	12.1042	
0.675682	-1.07341	12.1142	
0.686502	-1.07859	12.1242	
0.697374	-1.08367	12.1342	
0.708295	-1.08865	12.1442	
0.719266	-1.09351	12.1542	
0.730285	-1.09826	12.1642	
0.741351	-1.1029	12.1742	
0.752463	-1.10743	12.1842	
0.763619	-1.11185	12.1942	
0.774819	-1.11616	12.2042	
0.786062	-1.12036	12.2142	
0.797346	-1.12444	12.2242	
0.80867	-1.12841	12.2342	
0.820034	-1.13226	12.2442	
0.831435	-1.13601	12.2542	
0.842873	-1.13964	12.2642	
0.854347	-1.14315	12.2742	
0.865856	-1.14655	12.2842	
0.877398	-1.14983	12.2942	
0.888972	-1.153	12.3042	
0.900577	-1.15605	12.3142	
0.912212	-1.15899	12.3242	
0.923876	-1.16181	12.3342	
0.935568	-1.16451	12.3442	
0.947286	-1.1671	12.3542	
0.95903	-1.16956	12.3642	
0.970797	-1.17191	12.3742	
0.982587	-1.17415	12.3842	
0.994399	-1.17626	12.3942	
1.00623	-1.17826	12.4042	
1.01808	-1.18014	12.4142	
1.02995	-1.1819	12.4242	
1.04184	-1.18354	12.4342	
1.05374	-1.18506	12.4442	
1.06566	-1.18646	12.4542	
1.07759	-1.18775	12.4642	
1.08954	-1.18891	12.4742	
1.10149	-1.18996	12.4842	
1.11346	-1.19088	12.4942	
1.12543	-1.19169	12.5042	
1.13741	-1.19237	12.5142	
1.1494	-1.19294	12.5242	
1.16139	-1.19338	12.5342	
1.17338	-1.19371	12.5442	
1.18538	-1.19392	12.5542	
1.19738	-1.194	12.5642	
1.20938	-1.19397	12.5742	
1.22138	-1.19381	12.5842	
1.23338	-1.19354	12.5942	
1.24537	-1.19315	12.6042	
1.25736	-1.19263	12.6142	
1.26934	-1.192	12.6242	
1.28132	-1.19124	12.6342	
1.29329	-1.19037	12.6442	
1.30524	-1.18938	12.6542	
1.31719	-1.18827	12.6642	
1.32913	-1.18703	12.6742	
1.34105	-1.18568	12.6842	
1.35296	-1.18421	12.6942	
1.36486	-1.18262	12.7042	
1.37673	-1.18092	12.7142	
1.38859	-1.17909	12.7242	
1.40044	-1.17714	12.7342	
1.41226	-1.17508	12.7442	
1.42406	-1.1729	12.7542	
1.43583	-1.1706	12.7642	
1.44759	-1.16818	12.7742	
1.45932	-1.16565	12.7842	
1.47102	-1.163	12.7942	
1.4827	-1.16023	12.8042	
1.49435	-1.15734	12.8142	
1.50596	-1.15434	12.8242	
1.51755	-1.15122	12.8342	
1.52911	-1.14799	12.8442	
1.54063	-1.14464	12.8542	
1.55212	-1.14118	12.8642	
1.56357	-1.1376	12.8742	
1.57499	-1.1339	12.8842	
1.58637	-1.1301	12.8942	
1.59771	-1.12618	12.9042	
1.60901	-1.12214	12.9142	
1.62028	-1.118	12.9242	
1.63149	-1.11374	12.9342	
1.64267	-1.10937	12.9442	
1.6538	-1.10488	12.9542	
1.66489	-1.10029	12.9642	
1.67593	-1.09559	12.9742	
1.68692	-1.09077	12.9842	
1.69786	-1.08585	12.9942	
1.70875	-1.08081	13.0042	
1.7196	-1.07567	13.0142	
1.73039	-1.07042	13.0242	
1.74112	-1.06506	13.0342	
1.75181	-1.0596	13.0442	
1.76244	-1.05403	13.0542	
1.77301	-1.04835	13.0642	
1.78352	-1.04257	13.0742	
1.79398	-1.03668	13.0842	
1.80438	-1.03069	13.0942	
1.81471	-1.02459	13.1042	
1.82499	-1.01839	13.1142	
1.8352	-1.01209	13.1242	
1.84535	-1.00569	13.1342	
1.85543	-0.999185	13.1442	
1.86545	-0.99258	13.1542	
1.8754	-0.985876	13.1642	
1.88529	-0.979072	13.1742	
1.89511	-0.97217	13.1842	
1.90485	-0.96517	13.1942	
1.91453	-0.958073	13.2042	
1.92413	-0.950879	13.2142	
1.93367	-0.94359	13.2242	
1.94312	-0.936206	13.2342	
1.95251	-0.928727	13.2442	
1.96182	-0.921155	13.2542	
1.97105	-0.913491	13.2642	
1.98021	-0.905734	13.2742	
1.98929	-0.897887	13.2842	
1.99829	-0.889949	13.2942	
2.00721	-0.881921	13.3042	
2.01604	-0.873804	13.3142	
2.0248	-0.8656	13.3242	
2.03348	-0.857308	13.3342	
2.04207	-0.848931	13.3442	
2.05057	-0.840467	13.3542	
2.059	-0.831919	13.3642	
2.06733	-0.823287	13.3742	
2.07558	-0.814572	13.3842	
2.08374	-0.805776	13.3942	
2.09182	-0.796898	13.4042	
2.0998	-0.787939	13.4142	
2.10769	-0.778902	13.4242	
2.1155	-0.769785	13.4342	
