0	0
0.000119953	-0.0119994
0.000359892	-0.0239969
0.000719793	-0.0359915
0.00119962	-0.0479818
0.00179932	-0.0599668
0.00251884	-0.0719451
0.00335811	-0.0839157
0.00431704	-0.0958773
0.00539553	-0.107829
0.00659348	-0.119769
0.00791078	-0.131696
0.00934727	-0.14361
0.0109028	-0.155508
0.0125773	-0.167391
0.0143705	-0.179256
0.0162823	-0.191103
0.0183124	-0.20293
0.0204607	-0.214736
0.022727	-0.22652
0.0251109	-0.238281
0.0276124	-0.250017
0.0302311	-0.261728
0.0329668	-0.273412
0.0358192	-0.285068
0.038788	-0.296695
0.0418729	-0.308291
0.0450736	-0.319857
0.0483898	-0.331389
0.0518212	-0.342888
0.0553674	-0.354352
0.059028	-0.36578
0.0628027	-0.377171
0.0666912	-0.388523
0.070693	-0.399836
0.0748077	-0.411109
0.0790349	-0.422339
0.0833743	-0.433527
0.0878252	-0.444671
0.0923874	-0.45577
0.0970604	-0.466823
0.101844	-0.477828
0.106737	-0.488785
0.111739	-0.499693
0.11685	-0.51055
0.12207	-0.521355
0.127397	-0.532108
0.132832	-0.542807
0.138373	-0.553451
0.14402	-0.564039
0.149774	-0.57457
0.155632	-0.585042
0.161594	-0.595456
0.16766	-0.60581
0.17383	-0.616102
0.180102	-0.626333
0.186476	-0.6365
0.192952	-0.646602
0.199528	-0.65664
0.206204	-0.666611
0.21298	-0.676515
0.219854	-0.686351
0.226827	-0.696118
0.233896	-0.705814
0.241063	-0.715439
0.248325	-0.724992
0.255682	-0.734472
0.263134	-0.743878
0.270679	-0.753209
0.278318	-0.762464
0.286048	-0.771642
0.29387	-0.780742
0.301783	-0.789764
0.309785	-0.798706
0.317877	-0.807567
0.326056	-0.816348
0.334323	-0.825046
0.342677	-0.833661
0.351116	-0.842192
0.35964	-0.850638
0.368248	-0.858998
0.37694	-0.867272
0.385713	-0.875459
0.394569	-0.883557
0.403504	-0.891567
0.412519	-0.899487
0.421614	-0.907316
0.430785	-0.915054
0.440034	-0.9227
0.449359	-0.930253
0.458759	-0.937712
0.468233	-0.945077
0.47778	-0.952347
0.487399	-0.959521
0.49709	-0.966598
0.506851	-0.973578
0.516681	-0.980461
0.52658	-0.987244
0.536546	-0.993929
0.546578	-1.00051
0.556675	-1.007
0.566837	-1.01338
0.577063	-1.01966
0.58735	-1.02584
0.597699	-1.03191
0.608108	-1.03788
0.618576	-1.04375
0.629102	-1.04951
0.639686	-1.05517
0.650325	-1.06072
0.66102	-1.06616
0.671768	-1.0715
0.682569	-1.07672
0.693422	-1.08184
0.704326	-1.08685
0.715279	-1.09176
0.72628	-1.09655
0.737329	-1.10123
0.748424	-1.1058
0.759565	-1.11026
0.770749	-1.11461
0.781977	-1.11885
0.793246	-1.12297
0.804556	-1.12698
0.815905	-1.13088
0.827293	-1.13466
0.838718	-1.13833
0.850179	-1.14189
0.861675	-1.14533
0.873205	-1.14865
0.884768	-1.15186
0.896362	-1.15496
0.907986	-1.15794
0.91964	-1.1608
0.931322	-1.16354
0.94303	-1.16617
0.954765	-1.16868
0.966523	-1.17108
0.978306	-1.17335
0.99011	-1.17551
1.00194	-1.17755
1.01378	-1.17947
1.02564	-1.18127
1.03753	-1.18296
1.04942	-1.18452
1.06134	-1.18597
1.07326	-1.18729
1.0852	-1.1885
1.09715	-1.18959
1.10911	-1.19056
1.12108	-1.19141
1.13306	-1.19214
1.14504	-1.19275
1.15703	-1.19324
1.16903	-1.19361
1.18103	-1.19385
1.19303	-1.19398
1.20503	-1.19399
1.21702	-1.19388
1.22902	-1.19365
1.24102	-1.1933
1.25301	-1.19283
1.26499	-1.19224
1.27697	-1.19153
1.28894	-1.1907
1.30091	-1.18975
1.31286	-1.18868
1.3248	-1.1875
1.33673	-1.18619
1.34864	-1.18476
1.36054	-1.18321
1.37243	-1.18155
1.38429	-1.17977
1.39614	-1.17786
1.40797	-1.17584
1.41978	-1.1737
1.43156	-1.17145
1.44333	-1.16907
1.45506	-1.16658
1.46678	-1.16397
1.47846	-1.16124
1.49012	-1.1584
1.50175	-1.15544
1.51335	-1.15237
1.52492	-1.14917
1.53645	-1.14587
1.54795	-1.14245
1.55942	-1.13891
1.57085	-1.13526
1.58225	-1.13149
1.5936	-1.12761
1.60492	-1.12362
1.61619	-1.11951
1.62743	-1.1153
1.63862	-1.11096
1.64977	-1.10652
1.66087	-1.10197
1.67193	-1.09731
1.68293	-1.09253
1.6939	-1.08765
1.70481	-1.08265
1.71567	-1.07755
1.72648	-1.07234
1.73723	-1.06702
1.74794	-1.06159
1.75859	-1.05606
1.76918	-1.05042
1.77971	-1.04468
1.79019	-1.03883
1.80061	-1.03287
1.81097	-1.02682
1.82127	-1.02065
1.8315	-1.01439
1.84167	-1.00802
1.85178	-1.00156
1.86182	-0.994989
1.8718	-0.98832
1.88171	-0.981553
1.89155	-0.974686
1.90132	-0.967722
1.91102	-0.96066
1.92066	-0.953501
1.93021	-0.946246
1.9397	-0.938897
1.94911	-0.931452
1.95845	-0.923914
1.96771	-0.916283
1.97689	-0.90856
1.986	-0.900745
1.99503	-0.89284
2.00398	-0.884845
2.01285	-0.87676
2.02163	-0.868588
2.03034	-0.860328
2.03896	-0.851981
2.0475	-0.843549
2.05595	-0.835031
2.06432	-0.82643
2.0726	-0.817745
2.08079	-0.808978
2.0889	-0.800129
2.09691	-0.7912
2.10484	-0.782191
2.11268	-0.773103
2.12042	-0.763937
2.12807	-0.754695
2.13564	-0.745376
2.1431	-0.735982
2.15047	-0.726514
2.15775	-0.716972
2.16493	-0.707359
2.17202	-0.697674
2.17901	-0.687918
2.1859	-0.678094
2.19269	-0.6682
2.19938	-0.65824
2.20597	-0.648213
2.21246	-0.63812
2.21885	-0.627964
2.22514	-0.617743
2.23133	-0.607461
2.23741	-0.597117
2.24339	-0.586713
2.24927	-0.576249
2.25504	-0.565727
2.2607	-0.555148
2.26626	-0.544513
2.27171	-0.533823
2.27706	-0.523079
2.28229	-0.512282
2.28742	-0.501433
2.29244	-0.490534
2.29735	-0.479585
2.30215	-0.468587
2.30684	-0.457542
2.31142	-0.44645
2.31589	-0.435313
2.32025	-0.424132
2.32449	-0.412908
2.32863	-0.401643
2.33265	-0.390336
2.33655	-0.37899
2.34035	-0.367605
2.34402	-0.356183
2.34759	-0.344725
2.35104	-0.333231
2.35437	-0.321704
2.35759	-0.310144
2.3607	-0.298552
2.36368	-0.28693
2.36655	-0.275279
2.36931	-0.263599
2.37195	-0.251893
2.37447	-0.24016
2.37687	-0.228403
2.37915	-0.216623
2.38132	-0.20482
2.38337	-0.192997
2.3853	-0.181153
2.38711	-0.169291
2.38881	-0.157411
2.39038	-0.145515
2.39184	-0.133603
2.39317	-0.121678
2.39439	-0.10974
2.39549	-0.0977902
2.39647	-0.0858302
2.39732	-0.073861
2.39806	-0.0618838
2.39868	-0.0498998
2.39918	-0.0379102
2.39956	-0.0259163
2.39982	-0.0139191
2.39996	-0.00191997
2.39998	0.01008
2.39988	0.0220795
2.39966	0.0340774
2.39932	0.0460725
2.39885	0.0580636
2.39827	0.0700495
2.39757	0.082029
2.39675	0.0940009
2.39581	0.105964
2.39475	0.117917
2.39358	0.129859
2.39228	0.141788
2.39086	0.153704
2.38932	0.165606
2.38767	0.177491
2.38589	0.189359
2.384	0.201209
2.38199	0.213039
2.37986	0.224848
2.37761	0.236636
2.37525	0.2484
2.37276	0.260141
2.37016	0.271856
2.36745	0.283544
2.36461	0.295204
2.36166	0.306836
2.3586	0.318438
2.35541	0.330008
2.35212	0.341546
2.3487	0.35305
2.34518	0.36452
2.34153	0.375954
2.33778	0.38735
2.33391	0.398709
2.32992	0.410028
2.32583	0.421307
2.32162	0.432545
2.31729	0.44374
2.31286	0.454891
2.30832	0.465997
2.30366	0.477057
2.2989	0.48807
2.29402	0.499035
2.28903	0.50995
2.28394	0.520815
2.27874	0.531629
2.27343	0.54239
2.26801	0.553097
2.26249	0.56375
2.25686	0.574347
2.25112	0.584887
2.24528	0.59537
2.23933	0.605793
2.23328	0.616156
2.22713	0.626458
2.22087	0.636699
2.21452	0.646876
2.20806	0.656989
2.2015	0.667037
2.19484	0.677019
2.18808	0.686934
2.18122	0.69678
2.17426	0.706558
2.16721	0.716265
2.16006	0.725902
2.15281	0.735467
2.14547	0.744958
2.13803	0.754376
2.1305	0.763719
2.12288	0.772986
2.11516	0.782176
2.10735	0.791289
2.09945	0.800323
2.09147	0.809278
2.08339	0.818153
2.07522	0.826946
2.06697	0.835657
2.05863	0.844285
2.0502	0.85283
2.04169	0.861289
2.0331	0.869664
2.02442	0.877951
2.01566	0.886152
2.00682	0.894265
1.99789	0.902288
1.98889	0.910222
1.97981	0.918066
1.97065	0.925819
1.96141	0.933479
1.9521	0.941047
1.94271	0.948521
1.93325	0.955901
1.92372	0.963186
1.91411	0.970376
1.90443	0.977469
1.89468	0.984464
1.88486	0.991362
1.87497	0.998162
1.86502	1.00486
1.85499	1.01146
1.84491	1.01796
1.83476	1.02436
1.82454	1.03066
1.81426	1.03685
1.80392	1.04294
1.79352	1.04893
1.78307	1.05481
1.77255	1.06059
1.76197	1.06626
1.75134	1.07183
1.74066	1.07729
1.72992	1.08264
1.71912	1.08789
1.70828	1.09303
1.69738	1.09806
1.68644	1.10297
1.67545	1.10778
1.6644	1.11248
1.65332	1.11707
1.64218	1.12155
1.631	1.12592
1.61978	1.13017
1.60852	1.13431
1.59722	1.13834
1.58588	1.14226
1.57449	1.14606
1.56307	1.14975
1.55162	1.15332
1.54013	1.15678
1.5286	1.16012
1.51705	1.16335
1.50546	1.16646
1.49384	1.16946
1.48219	1.17234
1.47051	1.1751
1.45881	1.17775
1.44708	1.18028
1.43532	1.18269
1.42354	1.18499
1.41174	1.18716
1.39992	1.18922
1.38808	1.19116
1.37622	1.19298
1.36434	1.19469
1.35244	1.19627
1.34053	1.19774
1.32861	1.19908
1.31667	1.20031
1.30472	1.20142
1.29276	1.2024
1.2808	1.20327
1.26882	1.20402
1.25683	1.20465
1.24485	1.20516
1.23285	1.20555
1.22086	1.20581
1.20886	1.20596
1.19686	1.20599
1.18486	1.2059
1.17286	1.20569
1.16086	1.20536
1.14887	1.20491
1.13689	1.20434
1.12491	1.20364
1.11293	1.20283
1.10097	1.2019
1.08901	1.20085
1.07707	1.19968
1.06514	1.1984
1.05322	1.19699
1.04132	1.19546
1.02944	1.19381
1.01757	1.19205
1.00571	1.19017
0.993883	1.18816
0.982072	1.18604
0.970283	1.18381
0.958516	1.18145
0.946774	1.17898
0.935057	1.17639
0.923367	1.17368
0.911704	1.17085
0.90007	1.16791
0.888466	1.16486
0.876893	1.16168
0.865352	1.15839
0.853845	1.15499
0.842373	1.15147
0.830936	1.14784
0.819536	1.14409
0.808175	1.14023
0.796852	1.13625
0.78557	1.13217
0.774329	1.12797
0.763131	1.12365
0.751976	1.11923
0.740867	1.11469
0.729803	1.11005
0.718786	1.10529
0.707817	1.10042
0.696898	1.09545
0.686029	1.09036
0.675211	1.08517
0.664446	1.07987
0.653734	1.07446
0.643077	1.06894
0.632475	1.06332
0.621931	1.05759
0.611444	1.05176
0.601016	1.04582
0.590648	1.03978
0.58034	1.03363
0.570095	1.02739
0.559913	1.02104
0.549795	1.01458
0.539741	1.00803
0.529754	1.00138
0.519834	0.994628
0.509982	0.987777
0.500199	0.980828
0.490486	0.973782
0.480843	0.966639
0.471273	0.959399
0.461776	0.952065
0.452352	0.944635
0.443003	0.937112
0.43373	0.929496
0.424533	0.921787
0.415414	0.913987
0.406374	0.906096
0.397413	0.898115
0.388532	0.890045
0.379732	0.881887
0.371014	0.87364
0.362379	0.865307
0.353828	0.856888
0.345362	0.848385
0.336981	0.839796
0.328686	0.831125
0.320478	0.822371
0.312359	0.813535
0.304328	0.804618
0.296387	0.795622
0.288536	0.786547
0.280776	0.777393
0.273108	0.768163
0.265533	0.758856
0.258051	0.749474
0.250663	0.740018
0.243371	0.730488
0.236174	0.720886
0.229073	0.711212
0.22207	0.701468
0.215164	0.691654
0.208357	0.681772
0.201649	0.671822
0.195041	0.661805
0.188533	0.651723
0.182126	0.641577
0.175821	0.631366
0.169619	0.621094
0.16352	0.61076
0.157524	0.600365
0.151632	0.589911
0.145846	0.579398
0.140165	0.568828
0.134589	0.558202
0.129121	0.547521
0.123759	0.536785
0.118505	0.525996
0.113359	0.515156
0.108322	0.504264
0.103394	0.493323
0.0985756	0.482333
0.0938673	0.471295
0.0892697	0.460211
0.0847832	0.449081
0.0804082	0.437907
0.0761451	0.42669
0.0719944	0.415431
0.0679565	0.404131
0.0640319	0.392791
0.0602208	0.381412
0.0565237	0.369996
0.0529409	0.358543
0.0494728	0.347055
0.0461198	0.335533
0.0428822	0.323978
0.0397603	0.312392
0.0367544	0.300774
0.0338648	0.289127
0.0310918	0.277452
0.0284357	0.26575
0.0258968	0.254022
0.0234753	0.242268
0.0211714	0.230492
0.0189855	0.218693
0.0169176	0.206872
0.014968	0.195032
0.0131369	0.183172
0.0114245	0.171295
0.00983098	0.159401
0.00835645	0.147492
0.00700109	0.135569
0.00576502	0.123633
0.00464838	0.111685
0.00365126	0.0997268
0.00277378	0.0877589
0.00201602	0.0757829
0.00137806	0.0638
0.000859955	0.0518112
0.000461762	0.0398179
0.00018352	0.0278211
2.53E-05	0.0158222
-1.30E-05	0.00382234
6.87E-05	-0.00817733
0.000270443	-0.0201756
0.000592135	-0.0321712
0.00103377	-0.044163
0.00159529	-0.0561498
0.00227665	-0.0681304
0.00307779	-0.0801036
0.00399861	-0.0920682
0.00503903	-0.104023
0.00619894	-0.115967
0.00747823	-0.127898
0.00887677	-0.139816
0.0103944	-0.15172
0.012031	-0.163608
0.0137864	-0.175479
0.0156605	-0.187331
0.0176529	-0.199165
0.0197636	-0.210978
0.0219923	-0.222769
0.0243388	-0.234537
0.0268029	-0.246281
0.0293843	-0.258
0.0320827	-0.269693
0.0348979	-0.281358
0.0378297	-0.292994
0.0408776	-0.304601
0.0440415	-0.316176
0.047321	-0.327719
0.0507157	-0.339229
0.0542253	-0.350704
0.0578496	-0.362144
0.061588	-0.373547
0.0654403	-0.384911
0.069406	-0.396237
0.0734848	-0.407523
0.0776762	-0.418767
0.0819799	-0.429968
0.0863954	-0.441126
0.0909222	-0.45224
0.0955599	-0.463307
0.100308	-0.474328
0.105166	-0.485301
0.110134	-0.496224
0.11521	-0.507097
0.120396	-0.517919
0.125689	-0.528689
0.131089	-0.539405
0.136596	-0.550066
0.14221	-0.560672
0.14793	-0.571221
0.153754	-0.581713
0.159684	-0.592146
0.165717	-0.602519
0.171854	-0.612831
0.178093	-0.623081
0.184435	-0.633268
0.190878	-0.643391
0.197422	-0.65345
0.204067	-0.663442
0.210811	-0.673368
0.217654	-0.683226
0.224595	-0.693014
0.231634	-0.702733
0.23877	-0.712381
0.246001	-0.721957
0.253328	-0.73146
0.26075	-0.74089
0.268266	-0.750245
0.275875	-0.759524
0.283576	-0.768727
0.291369	-0.777852
0.299253	-0.786899
0.307226	-0.795866
0.31529	-0.804753
0.323441	-0.81356
0.33168	-0.822284
0.340006	-0.830926
0.348419	-0.839483
0.356916	-0.847957
0.365497	-0.856344
0.374162	-0.864646
0.38291	-0.872861
0.391739	-0.880987
0.400649	-0.889025
0.409639	-0.896974
0.418708	-0.904832
0.427855	-0.912599
0.43708	-0.920274
0.446381	-0.927857
0.455757	-0.935346
0.465207	-0.942741
0.474731	-0.950041
0.484328	-0.957246
0.493996	-0.964354
0.503734	-0.971366
0.513542	-0.978279
0.523419	-0.985094
0.533364	-0.99181
0.543375	-0.998426
0.553452	-1.00494
0.563594	-1.01136
0.573799	-1.01767
0.584067	-1.02388
0.594396	-1.02999
0.604786	-1.03599
0.615235	-1.04189
0.625743	-1.04769
0.636309	-1.05338
0.64693	-1.05896
0.657607	-1.06444
0.668339	-1.06981
0.679123	-1.07507
0.68996	-1.08022
0.700847	-1.08527
0.711785	-1.09021
0.722771	-1.09503
0.733805	-1.09975
0.744885	-1.10436
0.756011	-1.10885
0.767182	-1.11324
0.778396	-1.11751
0.789652	-1.12167
0.800949	-1.12572
0.812286	-1.12965
0.823661	-1.13347
0.835074	-1.13718
0.846524	-1.14077
0.858009	-1.14424
0.869529	-1.14761
0.881081	-1.15085
0.892665	-1.15398
0.90428	-1.157
0.915925	-1.1599
0.927598	-1.16268
0.939298	-1.16535
0.951024	-1.16789
0.962775	-1.17033
0.97455	-1.17264
0.986348	-1.17483
0.998166	-1.17691
1.01001	-1.17887
1.02186	-1.18071
1.03374	-1.18243
1.04563	-1.18404
1.05754	-1.18552
1.06946	-1.18688
1.0814	-1.18813
1.09334	-1.18926
1.1053	-1.19026
1.11727	-1.19115
1.12924	-1.19192
1.14123	-1.19256
1.15321	-1.19309
1.16521	-1.1935
1.1772	-1.19379
1.1892	-1.19396
1.2012	-1.194
1.2132	-1.19393
1.2252	-1.19374
1.2372	-1.19343
1.24919	-1.193
1.26118	-1.19244
1.27316	-1.19177
1.28513	-1.19098
1.2971	-1.19007
1.30905	-1.18904
1.321	-1.18789
1.33293	-1.18662
1.34485	-1.18523
1.35675	-1.18372
1.36864	-1.18209
1.38051	-1.18035
1.39237	-1.17848
1.4042	-1.1765
1.41602	-1.1744
1.42781	-1.17218
1.43958	-1.16984
1.45133	-1.16739
1.46305	-1.16482
1.47474	-1.16213
1.48641	-1.15932
1.49805	-1.1564
1.50966	-1.15336
1.52124	-1.1502
1.53278	-1.14693
1.54429	-1.14355
1.55577	-1.14005
1.56721	-1.13643
1.57862	-1.1327
1.58999	-1.12886
1.60132	-1.1249
1.61261	-1.12083
1.62385	-1.11665
1.63506	-1.11236
1.64622	-1.10795
1.65734	-1.10343
1.66841	-1.0988
1.67943	-1.09406
1.69041	-1.08921
1.70134	-1.08426
1.71221	-1.07919
1.72304	-1.07401
1.73381	-1.06873
1.74453	-1.06333
1.7552	-1.05784
1.76581	-1.05223
1.77636	-1.04652
1.78686	-1.0407
1.7973	-1.03478
1.80768	-1.02876
1.81799	-1.02263
1.82825	-1.0164
1.83844	-1.01006
1.84857	-1.00363
1.85863	-0.997092
1.86863	-0.990455
1.87856	-0.983719
1.88842	-0.976884
1.89822	-0.969951
1.90794	-0.96292
1.9176	-0.955792
1.92718	-0.948568
1.93669	-0.941248
1.94612	-0.933834
1.95548	-0.926326
1.96477	-0.918724
1.97398	-0.91103
1.98311	-0.903245
1.99216	-0.895368
2.00114	-0.887401
2.01003	-0.879345
2.01884	-0.871201
2.02757	-0.862968
2.03622	-0.854649
2.04479	-0.846244
2.05327	-0.837753
2.06166	-0.829179
2.06997	-0.82052
2.07819	-0.811779
2.08632	-0.802956
2.09437	-0.794053
2.10232	-0.785069
2.11019	-0.776006
2.11796	-0.766865
2.12565	-0.757647
2.13324	-0.748352
2.14073	-0.738982
2.14814	-0.729538
2.15544	-0.720019
2.16266	-0.710429
2.16977	-0.700766
2.17679	-0.691033
2.18371	-0.681231
2.19054	-0.671359
2.19726	-0.66142
2.20388	-0.651414
2.21041	-0.641342
2.21683	-0.631206
2.22315	-0.621006
2.22937	-0.610743
2.23549	-0.600418
2.2415	-0.590033
2.24741	-0.579588
2.25321	-0.569085
2.25891	-0.558524
2.2645	-0.547907
2.26999	-0.537234
2.27536	-0.526507
2.28064	-0.515727
2.2858	-0.504895
2.29085	-0.494011
2.2958	-0.483078
2.30063	-0.472095
2.30536	-0.461065
2.30998	-0.449988
2.31448	-0.438866
2.31887	-0.427699
2.32315	-0.416488
2.32732	-0.405236
2.33138	-0.393942
2.33532	-0.382608
2.33915	-0.371236
2.34287	-0.359825
2.34647	-0.348378
2.34995	-0.336896
2.35332	-0.325379
2.35658	-0.31383
2.35972	-0.302248
2.36274	-0.290635
2.36565	-0.278993
2.36844	-0.267322
2.37112	-0.255624
2.37368	-0.2439
2.37612	-0.232151
2.37844	-0.220378
2.38064	-0.208582
2.38273	-0.196765
2.3847	-0.184928
2.38655	-0.173071
2.38828	-0.161197
2.38989	-0.149306
2.39139	-0.137399
2.39276	-0.125478
2.39402	-0.113544
2.39515	-0.101598
2.39617	-0.0896409
2.39706	-0.0776745
2.39784	-0.0656997
2.3985	-0.0537177
2.39904	-0.0417298
2.39945	-0.0297371
2.39975	-0.0177408
2.39993	-0.00574221
2.39998	0.00625761
2.39992	0.0182574
2.39974	0.030256
2.39944	0.0422521
2.39901	0.0542446
2.39847	0.0662323
2.39781	0.0782139
2.39703	0.0901884
2.39613	0.102154
2.3951	0.114111
2.39396	0.126056
2.3927	0.13799
2.39132	0.14991
2.38983	0.161816
2.38821	0.173707
2.38647	0.18558
2.38462	0.197436
2.38264	0.209273
2.38055	0.221089
2.37834	0.232884
2.37601	0.244656
2.37357	0.256404
2.371	0.268127
2.36832	0.279824
2.36553	0.291493
2.36262	0.303134
2.35959	0.314745
2.35644	0.326326
2.35318	0.337874
2.3498	0.349389
2.34631	0.36087
2.34271	0.372315
2.33899	0.383724
2.33515	0.395095
2.3312	0.406427
2.32714	0.417719
2.32297	0.42897
2.31868	0.440178
2.31429	0.451343
2.30978	0.462464
2.30516	0.473539
2.30043	0.484567
2.29558	0.495547
2.29063	0.506479
2.28558	0.51736
2.28041	0.52819
2.27513	0.538968
2.26975	0.549693
2.26426	0.560363
2.25866	0.570978
2.25296	0.581536
2.24715	0.592037
2.24124	0.602479
2.23522	0.612862
2.2291	0.623183
2.22288	0.633444
2.21655	0.643641
2.21012	0.653775
2.2036	0.663843
2.19697	0.673847
2.19024	0.683783
2.18341	0.693651
2.17649	0.703451
2.16946	0.713181
2.16234	0.72284
2.15513	0.732428
2.14782	0.741943
2.14041	0.751384
2.13291	0.760751
2.12531	0.770042
2.11763	0.779257
2.10985	0.788395
2.10198	0.797454
2.09402	0.806434
2.08597	0.815335
2.07783	0.824154
2.06961	0.832891
2.0613	0.841546
2.0529	0.850117
2.04441	0.858604
2.03585	0.867005
2.02719	0.875321
2.01846	0.883549
2.00964	0.89169
2.00075	0.899742
1.99177	0.907705
1.98271	0.915578
1.97358	0.923359
1.96436	0.931049
1.95508	0.938647
1.94571	0.946151
1.93627	0.953561
1.92676	0.960876
1.91718	0.968096
1.90752	0.97522
1.89779	0.982247
1.88799	0.989176
1.87813	0.996007
1.86819	1.00274
1.85819	1.00937
1.84813	1.0159
1.838	1.02233
1.8278	1.02866
1.81754	1.03489
1.80722	1.04101
1.79684	1.04703
1.7864	1.05295
1.7759	1.05876
1.76535	1.06447
1.75474	1.07007
1.74407	1.07556
1.73334	1.08095
1.72257	1.08623
1.71174	1.0914
1.70086	1.09647
1.68993	1.10142
1.67895	1.10626
1.66793	1.111
1.65685	1.11562
1.64573	1.12014
1.63457	1.12454
1.62336	1.12883
1.61211	1.133
1.60082	1.13707
1.58949	1.14102
1.57812	1.14486
1.56672	1.14858
1.55527	1.15219
1.54379	1.15569
1.53228	1.15907
1.52073	1.16234
1.50915	1.16549
1.49754	1.16852
1.4859	1.17144
1.47423	1.17424
1.46254	1.17692
1.45082	1.17949
1.43907	1.18194
1.4273	1.18427
1.4155	1.18648
1.40369	1.18858
1.39185	1.19056
1.38	1.19242
1.36812	1.19416
1.35623	1.19578
1.34433	1.19728
1.33241	1.19867
1.32048	1.19993
1.30853	1.20108
1.29657	1.2021
1.28461	1.20301
1.27263	1.20379
1.26065	1.20446
1.24867	1.20501
1.23667	1.20543
1.22468	1.20574
1.21268	1.20593
1.20068	1.206
1.18868	1.20594
1.17668	1.20577
1.16468	1.20548
1.15269	1.20506
1.1407	1.20453
1.12872	1.20388
1.11675	1.20311
1.10478	1.20221
1.09282	1.2012
1.08088	1.20007
1.06894	1.19882
1.05702	1.19745
1.04511	1.19596
1.03322	1.19435
1.02135	1.19262
1.00949	1.19078
0.99765	1.18881
0.985832	1.18673
0.974035	1.18453
0.962262	1.18221
0.950512	1.17978
0.938786	1.17722
0.927087	1.17455
0.915416	1.17177
0.903772	1.16886
0.892159	1.16584
0.880576	1.16271
0.869025	1.15945
0.857507	1.15609
0.846023	1.1526
0.834575	1.14901
0.823164	1.1453
0.81179	1.14147
0.800454	1.13753
0.789159	1.13348
0.777905	1.12932
0.766693	1.12504
0.755525	1.12065
0.7444	1.11615
0.733322	1.11154
0.72229	1.10682
0.711306	1.10198
0.700371	1.09704
0.689485	1.09199
0.678651	1.08683
0.667869	1.08157
0.65714	1.07619
0.646465	1.07071
0.635846	1.06512
0.625283	1.05943
0.614778	1.05363
0.604331	1.04772
0.593944	1.04171
0.583617	1.0356
0.573352	1.02939
0.563149	1.02307
0.553011	1.01665
0.542937	1.01013
0.532928	1.00351
0.522987	0.99679
0.513113	0.98997
0.503307	0.983053
0.493572	0.976037
0.483907	0.968925
0.474314	0.961716
0.464793	0.954411
0.455346	0.947012
0.445973	0.939519
0.436675	0.931932
0.427454	0.924253
0.418311	0.916482
0.409245	0.90862
0.400258	0.900667
0.391352	0.892625
0.382526	0.884495
0.373782	0.876276
0.365121	0.867971
0.356543	0.859579
0.348049	0.851102
0.339641	0.842541
0.331319	0.833896
0.323083	0.825168
0.314936	0.816358
0.306876	0.807467
0.298906	0.798496
0.291027	0.789446
0.283238	0.780317
0.27554	0.771111
0.267936	0.761829
0.260424	0.752471
0.253006	0.743038
0.245683	0.733531
0.238456	0.723952
0.231325	0.714301
0.22429	0.704579
0.217353	0.694788
0.210514	0.684927
0.203775	0.674999
0.197135	0.665003
0.190595	0.654942
0.184156	0.644816
0.177819	0.634626
0.171583	0.624373
0.165451	0.614058
0.159422	0.603682
0.153498	0.593247
0.147678	0.582753
0.141963	0.572201
0.136354	0.561593
0.130851	0.550929
0.125455	0.540211
0.120167	0.529439
0.114986	0.518615
0.109915	0.507739
0.104952	0.496813
0.100098	0.485839
0.0953551	0.474816
0.0907222	0.463747
0.0862002	0.452631
0.0817896	0.441471
0.0774908	0.430268
0.0733043	0.419022
0.0692305	0.407734
0.0652697	0.396407
0.0614224	0.385041
0.0576889	0.373636
0.0540697	0.362195
0.050565	0.350718
0.0471753	0.339207
0.0439009	0.327662
0.0407421	0.316086
0.0376992	0.304478
0.0347726	0.29284
0.0319624	0.281174
0.0292691	0.26948
0.0266928	0.25776
0.0242339	0.246015
0.0218925	0.234245
0.019669	0.222453
0.0175634	0.21064
0.0155761	0.198805
0.0137073	0.186952
0.0119571	0.17508
0.0103257	0.163192
0.00881321	0.151287
0.00741987	0.139369
0.00614579	0.127436
0.00499109	0.115492
0.00395589	0.103537
0.0030403	0.091572
0.00224439	0.0795985
0.00156826	0.0676176
0.00101197	0.0556305
0.000575581	0.0436385
0.000259128	0.0316428
6.26E-05	0.0196444
-1.38E-05	0.00764471
2.97E-05	-0.00435516
0.000193166	-0.016354
0.000476647	-0.0283506
0.000880078	-0.0403438
0.00140342	-0.0523323
0.00204662	-0.064315
0.00280961	-0.0762907
0.00369231	-0.0882581
0.00469465	-0.100216
0.00581651	-0.112164
0.00705779	-0.124099
0.00841836	-0.136022
0.00989809	-0.14793
0.0114968	-0.159823
0.0132144	-0.171699
0.0150507	-0.183558
0.0170054	-0.195398
0.0190785	-0.207217
0.0212696	-0.219015
0.0235786	-0.230791
0.0260053	-0.242543
0.0285493	-0.25427
0.0312105	-0.265971
0.0339885	-0.277645
0.0368832	-0.289291
0.0398942	-0.300907
0.0430212	-0.312492
0.0462638	-0.324046
0.0496219	-0.335566
0.053095	-0.347053
0.0566827	-0.358504
0.0603848	-0.369919
0.0642009	-0.381296
0.0681305	-0.392634
0.0721733	-0.403932
0.0763289	-0.41519
0.0805969	-0.426405
0.0849768	-0.437577
0.0894682	-0.448705
0.0940707	-0.459787
0.0987837	-0.470823
0.103607	-0.481811
0.10854	-0.49275
0.113582	-0.503639
0.118732	-0.514478
0.123991	-0.525264
0.129357	-0.535997
0.134831	-0.546676
0.14041	-0.5573
0.146096	-0.567867
0.151888	-0.578377
0.157784	-0.588829
0.163784	-0.599221
0.169888	-0.609553
0.176095	-0.619823
0.182404	-0.63003
0.188815	-0.640174
0.195327	-0.650253
0.20194	-0.660267
0.208652	-0.670214
0.215464	-0.680093
0.222374	-0.689904
0.229381	-0.699645
0.236486	-0.709316
0.243687	-0.718915
0.250984	-0.728441
0.258376	-0.737894
0.265862	-0.747273
0.273441	-0.756576
0.281113	-0.765804
0.288877	-0.774954
0.296732	-0.784025
0.304677	-0.793018
0.312712	-0.801931
0.320835	-0.810764
0.329046	-0.819514
0.337345	-0.828182
0.34573	-0.836767
0.3542	-0.845267
0.362755	-0.853682
0.371393	-0.862011
0.380115	-0.870254
0.388918	-0.878408
0.397802	-0.886475
0.406767	-0.894452
0.415811	-0.902339
0.424933	-0.910135
0.434133	-0.917839
0.44341	-0.925452
0.452762	-0.932971
0.462189	-0.940396
0.471689	-0.947726
0.481263	-0.954962
0.490908	-0.962101
0.500625	-0.969143
0.510411	-0.976088
0.520266	-0.982934
0.530189	-0.989682
0.540179	-0.99633
0.550235	-1.00288
0.560356	-1.00932
0.570541	-1.01567
0.580789	-1.02191
0.591099	-1.02805
0.60147	-1.03409
0.6119	-1.04002
0.62239	-1.04585
0.632937	-1.05158
0.643541	-1.05719
0.6542	-1.0627
0.664915	-1.06811
0.675682	-1.07341
0.686502	-1.07859
0.697374	-1.08367
0.708295	-1.08865
0.719266	-1.09351
0.730285	-1.09826
0.741351	-1.1029
0.752463	-1.10743
0.763619	-1.11185
0.774819	-1.11616
0.786062	-1.12036
0.797346	-1.12444
0.80867	-1.12841
0.820034	-1.13226
0.831435	-1.13601
0.842873	-1.13964
0.854347	-1.14315
0.865856	-1.14655
0.877398	-1.14983
0.888972	-1.153
0.900577	-1.15605
0.912212	-1.15899
0.923876	-1.16181
0.935568	-1.16451
0.947286	-1.1671
0.95903	-1.16956
0.970797	-1.17191
0.982587	-1.17415
0.994399	-1.17626
1.00623	-1.17826
1.01808	-1.18014
1.02995	-1.1819
1.04184	-1.18354
1.05374	-1.18506
1.06566	-1.18646
1.07759	-1.18775
1.08954	-1.18891
1.10149	-1.18996
1.11346	-1.19088
1.12543	-1.19169
1.13741	-1.19237
1.1494	-1.19294
1.16139	-1.19338
1.17338	-1.19371
1.18538	-1.19392
1.19738	-1.194
1.20938	-1.19397
1.22138	-1.19381
1.23338	-1.19354
1.24537	-1.19315
1.25736	-1.19263
1.26934	-1.192
1.28132	-1.19124
1.29329	-1.19037
1.30524	-1.18938
1.31719	-1.18827
1.32913	-1.18703
1.34105	-1.18568
1.35296	-1.18421
1.36486	-1.18262
1.37673	-1.18092
1.38859	-1.17909
1.40044	-1.17714
1.41226	-1.17508
1.42406	-1.1729
1.43583	-1.1706
1.44759	-1.16818
1.45932	-1.16565
1.47102	-1.163
1.4827	-1.16023
1.49435	-1.15734
1.50596	-1.15434
1.51755	-1.15122
1.52911	-1.14799
1.54063	-1.14464
1.55212	-1.14118
1.56357	-1.1376
1.57499	-1.1339
1.58637	-1.1301
1.59771	-1.12618
1.60901	-1.12214
1.62028	-1.118
1.63149	-1.11374
1.64267	-1.10937
1.6538	-1.10488
1.66489	-1.10029
1.67593	-1.09559
1.68692	-1.09077
1.69786	-1.08585
1.70875	-1.08081
1.7196	-1.07567
1.73039	-1.07042
1.74112	-1.06506
1.75181	-1.0596
1.76244	-1.05403
1.77301	-1.04835
1.78352	-1.04257
1.79398	-1.03668
1.80438	-1.03069
1.81471	-1.02459
1.82499	-1.01839
1.8352	-1.01209
1.84535	-1.00569
1.85543	-0.999185
1.86545	-0.99258
1.8754	-0.985876
1.88529	-0.979072
1.89511	-0.97217
1.90485	-0.96517
1.91453	-0.958073
1.92413	-0.950879
1.93367	-0.94359
1.94312	-0.936206
1.95251	-0.928727
1.96182	-0.921155
1.97105	-0.913491
1.98021	-0.905734
1.98929	-0.897887
1.99829	-0.889949
2.00721	-0.881921
2.01604	-0.873804
2.0248	-0.8656
2.03348	-0.857308
2.04207	-0.848931
2.05057	-0.840467
2.059	-0.831919
2.06733	-0.823287
2.07558	-0.814572
2.08374	-0.805776
2.09182	-0.796898
2.0998	-0.787939
2.10769	-0.778902
2.1155	-0.769785
